2 13 0 0
4 33 0 0
1 84 0 0
2 19 0 0
3 25 0 0
7 26 0 0
8 16 0 0
11 12 0 0
12 14 0 0
13 15 0 0
14 33 0 0
1 9 0 0
2 14 0 0
7 147 0 0
8 17 0 0
9 17 0 0
10 19 0 0
11 13 0 0
12 14 0 0
13 26 0 0
1 29 0 0
1 201 0 0
1 13 0 0
2 39 0 0
1 49 0 0
11 25 0 0
1 12 0 0
2 13 0 0
3 13 0 0
4 19 0 0
5 17 0 0
6 24 0 0
7 16 0 0
8 56 0 0
1 19 0 0
1 19 0 0
2 17 0 0
3 27 0 0
4 18 0 0
5 21 0 0
1 18 0 0
2 17 0 0
3 19 0 0
1 16 0 0
2 16 0 0
3 15 0 0
4 47 0 0
5 18 0 0
6 110 0 0
7 106 0 0
8 58 0 0
1 270 0 0
2 35 0 0
3 26 0 0
4 738 0 0
5 34 0 0
21 14 0 0
22 17 0 0
23 21 0 0
24 18 0 0
25 23 0 0
26 31 0 0
27 52 0 0
28 60 0 0
21 22 0 0
22 33 0 0
23 19 0 0
24 18 0 0
25 24 0 0
26 17 0 0
27 59 0 0
28 23 0 0
29 35 0 0
35 71 0 0
36 22 0 0
37 103 0 0
38 54 0 0
39 34 0 0
40 55 0 0
41 68 0 0
42 63 1 0
43 23 0 0
44 157 0 0
21 110 0 0
22 166 0 0
44 293 0 0
45 61 0 0
21 23 0 0
22 164 0 0
1 34 0 0
21 23 0 0
1 20 0 0
